12
12
12
3
4
5
6
678
8
79
0
78
674
52
52
3452
345
236437
467
456
8745
675
23
243
252
453
453
6
3456
345
45
346345
63
523
5235
3453
453
45
345
345
36
456
1234
2
12
341
2341
51
31
21
21
231
21
2
312
32534
54356
1234
1231212
12
3234
23
43564
3
456
7567
8
456
32
67
967
8
6743
56
3452
345
213
43
412
4323
41
4
235
426
56
345
32
4
1
4
34
131
23
12
312
1
312
1
21
2
12
12
1
21
2
14
34
545
6
12
131
311
46